[gd_scene load_steps=13 format=2]

[ext_resource path="res://Scripts/Camera.gd" type="Script" id=1]
[ext_resource path="res://_OLDnodes/ocean_waterplane.gd" type="Script" id=2]
[ext_resource path="res://SceneNodes/OceanEnv/OceanEnvManager.gd" type="Script" id=3]
[ext_resource path="res://SceneNodes/OceanEnv/Sky.tres" type="Environment" id=4]
[ext_resource path="res://SceneNodes/OceanEnv/vector_map_a.tres" type="Material" id=5]
[ext_resource path="res://SceneNodes/OceanEnv/waterplane/waterplane_high.obj" type="ArrayMesh" id=6]
[ext_resource path="res://SceneNodes/OceanEnv/MyWater1.tres" type="Material" id=7]
[ext_resource path="res://Scripts/Boye.gd" type="Script" id=9]

[sub_resource type="ViewportTexture" id=1]
flags = 4
viewport_path = NodePath("render_targets/vector_map_buffer")

[sub_resource type="CubeMesh" id=2]
size = Vector3( 1, 1, 1 )

[sub_resource type="CapsuleMesh" id=3]
radius = 4.937
mid_height = 4.15

[sub_resource type="SpatialMaterial" id=4]
albedo_color = Color( 0.501961, 0.501961, 0.501961, 1 )

[node name="OceanEnvironment" type="Spatial" groups=[
"Ocean",
]]
script = ExtResource( 3 )
wind_strength = 1.0

[node name="render_targets" type="Spatial" parent="."]

[node name="vector_map_buffer" type="Viewport" parent="render_targets"]
size = Vector2( 1024, 1024 )
hdr = false
disable_3d = true
usage = 0
render_target_v_flip = true
render_target_clear_mode = 2
render_target_update_mode = 3

[node name="image" type="TextureRect" parent="render_targets/vector_map_buffer"]
material = ExtResource( 5 )
margin_right = 1024.0
margin_bottom = 1024.0
texture = SubResource( 1 )
expand = true

[node name="waterplane" type="MeshInstance" parent="."]
material_override = ExtResource( 7 )
cast_shadow = 0
mesh = ExtResource( 6 )
material/0 = null
script = ExtResource( 2 )

[node name="testHeightMesh" type="MeshInstance" parent="."]
transform = Transform( 0.877565, 0, -0.479458, 0, 1, 0, 0.479458, 0, 0.877565, -6.76487, 4.14514, 13.6558 )
mesh = SubResource( 2 )
material/0 = null
script = ExtResource( 9 )
doParticles = false
reactionSpeed = 0.42

[node name="MeshInstance3" type="MeshInstance" parent="."]
transform = Transform( -7.70277, 0.0431722, 0.188481, 0.0921529, -0.0341214, 15.6946, 0.0592803, 5.66275, 0.0931322, 37.5463, -112.974, -36.6276 )
mesh = SubResource( 3 )
material/0 = SubResource( 4 )
__meta__ = {
"_editor_description_": ""
}

[node name="Camera" type="Camera" parent="."]
transform = Transform( 1, 0, 0, 0, 0.896796, 0.442445, 0, -0.442445, 0.896796, -0.03, 12.83, 21.72 )
script = ExtResource( 1 )
gameCam = false

[node name="Sky" type="WorldEnvironment" parent="."]
environment = ExtResource( 4 )

[node name="DirectionalLight" type="DirectionalLight" parent="."]
transform = Transform( 0.959251, 0.193823, -0.205601, 0.173715, 0.169344, 0.970127, 0.22285, -0.96631, 0.128774, 0, 0, 0 )
light_color = Color( 1, 0.929412, 0.741176, 1 )
light_specular = 1.0
shadow_enabled = true
directional_shadow_max_distance = 200.0
