[gd_scene load_steps=13 format=2]

[ext_resource path="res://SceneNodes/Islands/treeLayer.png" type="Texture" id=1]
[ext_resource path="res://SceneNodes/Islands/Shipyard-23x16-Base-Map-Day.png" type="Texture" id=2]
[ext_resource path="res://SceneNodes/Islands/tiledTextue.png" type="Texture" id=3]
[ext_resource path="res://SceneNodes/Islands/groundLayer (2).png" type="Texture" id=4]
[ext_resource path="res://SceneNodes/Islands/Buildings/ShopHouse.tscn" type="PackedScene" id=5]
[ext_resource path="res://SceneNodes/Islands/rockLayer.png" type="Texture" id=7]
[ext_resource path="res://SceneNodes/Islands/onGroundLayer.png" type="Texture" id=8]

[sub_resource type="BoxShape" id=1]
extents = Vector3( 32, 1, 32 )

[sub_resource type="CubeMesh" id=2]
size = Vector3( 64, 2, 64 )

[sub_resource type="SpatialMaterial" id=3]
albedo_texture = ExtResource( 3 )
uv1_scale = Vector3( 100, 50, 50 )

[sub_resource type="BoxShape" id=4]
extents = Vector3( 1.74462, 0.21604, 1 )

[sub_resource type="CylinderShape" id=5]
radius = 3.80863
height = 0.399176

[node name="Island" type="Spatial"]

[node name="StaticBody5" type="StaticBody" parent="."]
transform = Transform( 1, 0, 0, 0, 1, 0, 0, 0, 1, 0, 0, 64 )
collision_layer = 0
collision_mask = 0

[node name="CollisionShape" type="CollisionShape" parent="StaticBody5"]
shape = SubResource( 1 )

[node name="MeshInstance" type="MeshInstance" parent="StaticBody5"]
visible = false
mesh = SubResource( 2 )
material/0 = null

[node name="StaticBody6" type="StaticBody" parent="."]
transform = Transform( 1, 0, 0, 0, 1, 0, 0, 0, 1, 0, 0.846, 0 )
collision_layer = 0
collision_mask = 0

[node name="CollisionShape" type="CollisionShape" parent="StaticBody6"]
shape = SubResource( 1 )

[node name="MeshInstance" type="MeshInstance" parent="StaticBody6"]
transform = Transform( 1, 0, 0, 0, 1, 0, 0, 0, 1, 0, -15.544, 0 )
visible = false
mesh = SubResource( 2 )
material/0 = SubResource( 3 )

[node name="TerrainHolder" type="Spatial" parent="."]
transform = Transform( 1, 0, 0, 0, 1, 0, 0, 0, 1, -69, -0.954, -14 )

[node name="Ground" type="Sprite3D" parent="TerrainHolder"]
transform = Transform( -0.619546, 0, 0.78496, 0, 1, 0, -0.78496, 0, -0.619546, 70.9066, 2.61089, 14.592 )
pixel_size = 0.017
axis = 1
shaded = true
alpha_cut = 2
texture = ExtResource( 4 )

[node name="kingsPort" parent="TerrainHolder" instance=ExtResource( 5 )]
transform = Transform( -1.17972, 0, -0.336697, 0, 1, 0, 0.336697, 0, -1.17972, 64.4382, 2.96102, -3.62073 )

[node name="Haven" type="Sprite3D" parent="TerrainHolder"]
transform = Transform( -1.14709, 0, -0.311657, 0, 1, 0, 0.311657, 0, -1.14709, 60.7965, 2.67844, -4.06957 )
axis = 1
shaded = true
alpha_cut = 2
texture = ExtResource( 2 )

[node name="Haven2" type="Sprite3D" parent="TerrainHolder"]
transform = Transform( -1.14709, 0, -0.311657, 0, 1, 0, 0.311657, 0, -1.14709, 71.7166, 2.70014, -6.45818 )
axis = 1
shaded = true
alpha_cut = 2
texture = ExtResource( 2 )

[node name="Rock" type="Sprite3D" parent="TerrainHolder"]
transform = Transform( -0.619546, 0, 0.78496, 0, 1, 0, -0.78496, 0, -0.619546, 70.9066, 2.9085, 14.592 )
pixel_size = 0.017
axis = 1
shaded = true
alpha_cut = 2
texture = ExtResource( 7 )

[node name="onGround" type="Sprite3D" parent="TerrainHolder"]
transform = Transform( -0.619546, 0, 0.78496, 0, 1, 0, -0.78496, 0, -0.619546, 70.9066, 3.12339, 14.592 )
pixel_size = 0.017
axis = 1
shaded = true
alpha_cut = 2
texture = ExtResource( 8 )

[node name="Trees" type="Sprite3D" parent="TerrainHolder"]
transform = Transform( -0.619546, 0, 0.78496, 0, 1, 0, -0.78496, 0, -0.619546, 70.9066, 3.88329, 14.592 )
pixel_size = 0.017
axis = 1
shaded = true
double_sided = false
alpha_cut = 2
texture = ExtResource( 1 )

[node name="StaticBody" type="StaticBody" parent="TerrainHolder"]
transform = Transform( 0.998948, 0, -0.0458686, 0, 1, 0, 0.0458686, 0, 0.998948, 63.512, 3.8662, -5.6032 )
collision_layer = 3
collision_mask = 3

[node name="CollisionShape" type="CollisionShape" parent="TerrainHolder/StaticBody"]
transform = Transform( 6.36293, 0, 1.84246, 0, 6.62431, 0, -1.84246, 0, 6.36293, 2.88025, -1.13343, 3.27564 )
shape = SubResource( 4 )

[node name="StaticBody2" type="StaticBody" parent="TerrainHolder"]
transform = Transform( 0.998948, 0, -0.0458686, 0, 1, 0, 0.0458686, 0, 0.998948, 63.512, 3.8662, -5.6032 )
collision_layer = 3
collision_mask = 3

[node name="CollisionShape" type="CollisionShape" parent="TerrainHolder/StaticBody2"]
transform = Transform( 6.36292, 0, 1.84246, 0, 6.62431, 0, -1.84246, 0, 6.36292, 6.27113, -0.937014, 22.5066 )
shape = SubResource( 5 )
