[gd_scene load_steps=19 format=2]

[ext_resource path="res://ObjectNodes/ShipModels/DefaultModel/Sprites/topDeck.png" type="Texture" id=1]
[ext_resource path="res://ObjectNodes/FlagsAndSails/BaseFlag/BaseFlag.tscn" type="PackedScene" id=2]
[ext_resource path="res://ObjectNodes/ShipModels/DefaultModel/Sprites/shipDeck.png" type="Texture" id=3]
[ext_resource path="res://ObjectNodes/ShipModels/WoodMaterial.tres" type="Material" id=4]
[ext_resource path="res://ObjectNodes/DefaultDeckLight/DefaultDeckLight.tscn" type="PackedScene" id=5]
[ext_resource path="res://ObjectNodes/ShipModels/DefaultModel/Sprites/segel-schatten.png" type="Texture" id=6]
[ext_resource path="res://ObjectNodes/ShipModels/DefaultModel/Sprites/segel.png" type="Texture" id=7]
[ext_resource path="res://ObjectNodes/ShipModels/DefaultModel/Sprites/segelVorn.png" type="Texture" id=8]
[ext_resource path="res://ObjectNodes/NPCShips/NPCGear/Cannon/NPCCannon.tscn" type="PackedScene" id=9]
[ext_resource path="res://ObjectNodes/NPCShips/NPCGear/HullWalls/NPCOuterHullWall3m.tscn" type="PackedScene" id=12]
[ext_resource path="res://ObjectNodes/NPCShips/NPCGear/HullWalls/NPCOuterHullWall.tscn" type="PackedScene" id=13]

[sub_resource type="CylinderMesh" id=1]
material = ExtResource( 4 )
top_radius = 0.2
bottom_radius = 0.3
height = 9.042

[sub_resource type="SpatialMaterial" id=2]
params_use_alpha_scissor = true
params_alpha_scissor_threshold = 0.4
albedo_color = Color( 0.203922, 0.203922, 0.203922, 1 )
albedo_texture = ExtResource( 6 )

[sub_resource type="BoxShape" id=3]
extents = Vector3( 5.01352, 0.0385511, 1.50246 )

[sub_resource type="SpatialMaterial" id=4]
params_use_alpha_scissor = true
params_alpha_scissor_threshold = 0.85
albedo_texture = ExtResource( 1 )

[sub_resource type="BoxShape" id=5]
extents = Vector3( 0.846288, 0.533633, 0.643275 )

[sub_resource type="BoxShape" id=6]
extents = Vector3( 5.0327, 0.0424717, 1.61134 )

[sub_resource type="SpatialMaterial" id=7]
params_use_alpha_scissor = true
params_alpha_scissor_threshold = 0.75
albedo_texture = ExtResource( 3 )

[node name="NPCModel1 (DeckOrder important!)" type="Spatial" groups=[
"ShipModel",
]]
__meta__ = {
"_editor_description_": "NPC Models use NPC specific gear that has reduced assets"
}

[node name="Sails" type="Spatial" parent="."]
transform = Transform( -4.37114e-08, 0, 1, 0, 1, 0, -1, 0, -4.37114e-08, 0, 0, 0 )

[node name="FrontMast" type="Spatial" parent="Sails"]
transform = Transform( 1, 0, 0, 0, 1.31865, 0, 0, 0, 1, 1.49962, 0, 0.0707092 )

[node name="MeshInstance" type="MeshInstance" parent="Sails/FrontMast"]
transform = Transform( 0.427862, 0, 0, 0, 0.394264, 0, 0, 0, 0.427862, 0, 1.65695, 0 )
mesh = SubResource( 1 )
material/0 = null

[node name="Segel" type="Sprite3D" parent="Sails/FrontMast"]
transform = Transform( 0.0983173, 0, -0.791588, 0, 0.716448, 0, 0.791588, 0, 0.0983173, -0.17223, 1.25409, 0.118396 )
material_override = SubResource( 2 )
axis = 1
shaded = true
alpha_cut = 2
texture = ExtResource( 6 )

[node name="Segel2" type="Sprite3D" parent="Sails/FrontMast"]
transform = Transform( 0.0752804, 0, -0.725254, 0, 0.133593, 0, 0.725254, 0, 0.0752804, -0.17223, 2.40967, 0.118396 )
material_override = SubResource( 2 )
axis = 1
shaded = true
alpha_cut = 2
texture = ExtResource( 6 )

[node name="Segel3" type="Sprite3D" parent="Sails/FrontMast"]
transform = Transform( 0.076577, 0, -0.534115, 0, 0.655463, 0, 0.534115, 0, 0.076577, -0.0606142, 3.1018, 0.0950558 )
modulate = Color( 0.25098, 0.25098, 0.25098, 1 )
axis = 1
shaded = true
alpha_cut = 2
texture = ExtResource( 7 )

[node name="FrontSail" type="Sprite3D" parent="Sails/FrontMast"]
transform = Transform( -0.0418228, 0.0669867, -0.500788, -0.01806, 0.501981, 0.0686546, 0.504925, 0.0235032, -0.0390245, 3.30414, 0.907627, -0.564183 )
modulate = Color( 0.2, 0.2, 0.2, 1 )
axis = 1
shaded = true
alpha_cut = 2
texture = ExtResource( 8 )

[node name="Flag3DScene" parent="Sails/FrontMast" instance=ExtResource( 2 )]
transform = Transform( -0.192357, 0, 0.283321, 0, 0.259697, 0, -0.283321, 0, -0.192357, 0.0070411, 2.44407, -0.00361058 )

[node name="Main" type="Spatial" parent="Sails"]
transform = Transform( 1, 0, 0, 0, 1.63147, 0, 0, 0, 1, -3.35475, -9.53674e-07, 0.124168 )

[node name="MeshInstance" type="MeshInstance" parent="Sails/Main"]
transform = Transform( 0.427862, 0, 0, 0, 0.394264, 0, 0, 0, 0.427862, 0, 1.65695, 0 )
mesh = SubResource( 1 )
material/0 = null

[node name="Segel" type="Sprite3D" parent="Sails/Main"]
transform = Transform( 0.0983173, 0, -0.791588, 0, 0.716448, 0, 0.791588, 0, 0.0983173, -0.17223, 1.25409, 0.118396 )
material_override = SubResource( 2 )
axis = 1
shaded = true
alpha_cut = 2
texture = ExtResource( 6 )

[node name="Segel2" type="Sprite3D" parent="Sails/Main"]
transform = Transform( 0.127255, 0, -0.71796, 0, 0.133593, 0, 0.71796, 0, 0.127255, -0.17223, 2.1024, 0.118396 )
material_override = SubResource( 2 )
axis = 1
shaded = true
alpha_cut = 2
texture = ExtResource( 6 )

[node name="Segel3" type="Sprite3D" parent="Sails/Main"]
transform = Transform( 0.0504036, 0, -0.537217, 0, 0.655463, 0, 0.537217, 0, 0.0504036, -0.0403817, 2.85009, 0.0521205 )
modulate = Color( 0.188235, 0.188235, 0.188235, 1 )
axis = 1
shaded = true
alpha_cut = 2
texture = ExtResource( 7 )

[node name="Flag3DScene" parent="Sails/Main" instance=ExtResource( 2 )]
transform = Transform( -0.234354, 0, 0.274044, 0, 0.360585, 0, -0.274044, 0, -0.234354, 0.00421143, 2.04787, -0.00418377 )

[node name="Deck1" type="KinematicBody" parent="."]
transform = Transform( -4.37114e-08, 0, 1, 0, 1, 0, -1, 0, -4.37114e-08, 0, 0.0687942, 0 )
__meta__ = {
"_editor_description_": "Using the sprite with a spatial material and alpha scissors, so that its not flagged as transparent!"
}

[node name="CollisionShape" type="CollisionShape" parent="Deck1"]
transform = Transform( 0.999367, 0, 0.0355972, 0, 1, 0, -0.0355972, 0, 0.999367, -1.72906, -0.0210442, 0.0471487 )
shape = SubResource( 3 )
__meta__ = {
"_editor_description_": ""
}

[node name="Deck" type="Sprite3D" parent="Deck1"]
transform = Transform( 1.04162, 0, 0, 0, 1, 0, 0, 0, 1.04162, 0, 0, 0 )
material_override = SubResource( 4 )
pixel_size = 0.008
axis = 1
shaded = true
alpha_cut = 2
texture = ExtResource( 1 )

[node name="OmniLight7" parent="Deck1" instance=ExtResource( 5 )]
transform = Transform( 1, 0, 0, 0, 1, 0, 0, 0, 1, -6.50939, 0.186752, 1.16489 )
light_energy = 2.74
shadow_enabled = false
omni_range = 1.0
amp = 0.001

[node name="OmniLight8" parent="Deck1" instance=ExtResource( 5 )]
transform = Transform( 1, 0, 0, 0, 1, 0, 0, 0, 1, -6.47418, 0.466614, -0.535401 )
light_energy = 2.74
shadow_enabled = false
omni_range = 1.0
amp = 0.001

[node name="Blocker3" type="KinematicBody" parent="Deck1"]
transform = Transform( 1.59388, 0, 0.616625, 0, 1, 0, -0.616625, 0, 1.59388, 2.96222, 0.0744184, 1.82213 )
collision_layer = 16384
collision_mask = 16384
__meta__ = {
"_edit_group_": true
}

[node name="BlockerCollider" type="CollisionShape" parent="Deck1/Blocker3"]
transform = Transform( 0.999367, 0, 0.0355972, 0, 1, 0, -0.0355972, 0, 0.999367, 0, 0, 0 )
shape = SubResource( 5 )
__meta__ = {
"_edit_lock_": true
}

[node name="CannonLarge" parent="Deck1" instance=ExtResource( 9 )]
transform = Transform( -4.37114e-08, 0, 1, 0, 1, 0, -1, 0, -4.37114e-08, -0.958654, 0.0746313, -1.08726 )

[node name="CannonLarge3" parent="Deck1" instance=ExtResource( 9 )]
transform = Transform( -4.37114e-08, 0, 1, 0, 1, 0, -1, 0, -4.37114e-08, 0.833601, 0.0746313, -0.92724 )

[node name="CannonLarge2" parent="Deck1" instance=ExtResource( 9 )]
transform = Transform( -4.37114e-08, 0, 1, 0, 1, 0, -1, 0, -4.37114e-08, -3.31431, 0.0746313, -0.920043 )

[node name="CannonLarge4" parent="Deck1" instance=ExtResource( 9 )]
transform = Transform( -4.37114e-08, 0, 1, 0, 1, 0, -1, 0, -4.37114e-08, -4.80089, 0.0746313, -0.764678 )

[node name="CannonLarge5" parent="Deck1" instance=ExtResource( 9 )]
transform = Transform( -4.37114e-08, 0, 1, 0, 1, 0, -1, 0, -4.37114e-08, 2.74893, 0.0746313, -0.373661 )

[node name="CannonLarge6" parent="Deck1" instance=ExtResource( 9 )]
transform = Transform( -4.37114e-08, 0, 1, 0, 1, 0, -1, 0, -4.37114e-08, -1.75234, 0.0746313, -1.04105 )

[node name="CannonLarge7" parent="Deck1" instance=ExtResource( 9 )]
transform = Transform( 7.54979e-08, 0, -1, 0, 1, 0, 1, 0, 7.54979e-08, -0.958654, 0.0746313, 1.2823 )

[node name="CannonLarge8" parent="Deck1" instance=ExtResource( 9 )]
transform = Transform( 7.54979e-08, 0, -1, 0, 1, 0, 1, 0, 7.54979e-08, 0.833601, 0.0746313, 1.24137 )

[node name="CannonLarge9" parent="Deck1" instance=ExtResource( 9 )]
transform = Transform( 7.54979e-08, 0, -1, 0, 1, 0, 1, 0, 7.54979e-08, -3.31431, 0.0746313, 1.24857 )

[node name="CannonLarge10" parent="Deck1" instance=ExtResource( 9 )]
transform = Transform( 7.54979e-08, 0, -1, 0, 1, 0, 1, 0, 7.54979e-08, -4.80089, 0.0746313, 1.05473 )

[node name="CannonLarge11" parent="Deck1" instance=ExtResource( 9 )]
transform = Transform( 7.54979e-08, 0, -1, 0, 1, 0, 1, 0, 7.54979e-08, 2.74893, 0.0746313, 0.567941 )

[node name="CannonLarge12" parent="Deck1" instance=ExtResource( 9 )]
transform = Transform( 7.54979e-08, 0, -1, 0, 1, 0, 1, 0, 7.54979e-08, -1.75234, 0.0746313, 1.33163 )

[node name="Deck2" type="KinematicBody" parent="."]
transform = Transform( -4.37114e-08, 0, 1, 0, 1, 0, -1, 0, -4.37114e-08, 0, -0.5, 0 )
collision_mask = 2147483649
__meta__ = {
"_editor_description_": "Using the sprite with a spatial material and alpha scissors, so that its not flagged as transparent!"
}

[node name="CollisionShape" type="CollisionShape" parent="Deck2"]
transform = Transform( 1, 0, 0, 0, 1, 0, 0, 0, 1, -1.523, 0.0194222, 0.209 )
shape = SubResource( 6 )
__meta__ = {
"_editor_description_": ""
}

[node name="Deck" type="Sprite3D" parent="Deck2"]
transform = Transform( 0.318932, 0, 0, 0, 0.754314, 0, 0, 0, 0.318932, -1.332, 0, 0.095 )
material_override = SubResource( 7 )
pixel_size = 0.02
axis = 1
shaded = true
alpha_cut = 2
texture = ExtResource( 3 )

[node name="NPCOuterHullWall" parent="Deck2" instance=ExtResource( 13 )]
transform = Transform( -0.171052, 0, 0.985262, 0, 1, 0, -0.985262, 0, -0.171052, 0.675093, 0.25, 1.39605 )

[node name="NPCOuterHullWall3m" parent="Deck2" instance=ExtResource( 12 )]
transform = Transform( -0.38922, 0, 0.921145, 0, 1, 0, -0.921145, 0, -0.38922, 2.52886, 0.25, 0.746862 )

[node name="NPCOuterHullWall3" parent="Deck2" instance=ExtResource( 13 )]
transform = Transform( 0.999757, 0, -0.0220418, 0, 1, 0, 0.0220418, 0, 0.999757, -6.41143, 0.25, -0.350605 )

[node name="NPCOuterHullWall4" parent="Deck2" instance=ExtResource( 13 )]
transform = Transform( 0.307058, 0, 0.951691, 0, 1, 0, -0.951691, 0, 0.307058, -6.00414, 0.25, 0.904606 )

[node name="NPCOuterHullWall5" parent="Deck2" instance=ExtResource( 13 )]
transform = Transform( -0.429975, 0, -0.902841, 0, 1, 0, 0.902841, 0, -0.429975, 3.37578, 0.25, -0.0512115 )

[node name="NPCOuterHullWall6" parent="Deck2" instance=ExtResource( 13 )]
transform = Transform( -0.407167, 0, -0.913354, 0, 1, 0, 0.913354, 0, -0.407167, 2.49504, 0.25, -0.472069 )

[node name="NPCOuterHullWall7" parent="Deck2" instance=ExtResource( 13 )]
transform = Transform( -0.419389, 0, -0.907807, 0, 1, 0, 0.907807, 0, -0.419389, 1.59173, 0.25, -0.889722 )

[node name="NPCOuterHullWall8" parent="Deck2" instance=ExtResource( 13 )]
transform = Transform( -0.18462, 0, -0.98281, 0, 1, 0, 0.98281, 0, -0.18462, 0.680505, 0.25, -1.18374 )

[node name="NPCOuterHullWall3m4" parent="Deck2" instance=ExtResource( 12 )]
transform = Transform( 1.31134e-07, 0, -1, 0, 1, 0, 1, 0, 1.31134e-07, -1.29972, 0.25, -1.28786 )

[node name="NPCOuterHullWall3m5" parent="Deck2" instance=ExtResource( 12 )]
transform = Transform( 0.108173, 0, -0.994132, 0, 1, 0, 0.994132, 0, 0.108173, -4.19947, 0.25, -1.11844 )

[node name="NPCOuterHullWall9" parent="Deck2" instance=ExtResource( 13 )]
transform = Transform( 0.239567, 0, -0.97088, 0, 1, 0, 0.97088, 0, 0.239567, -6.00526, 0.25, -0.865725 )

[node name="NPCOuterHullWall10" parent="Deck2" instance=ExtResource( 13 )]
transform = Transform( -0.171052, 0, 0.985262, 0, 1, 0, -0.985262, 0, -0.171052, 0.675093, -0.235989, 1.39605 )

[node name="NPCOuterHullWall11" parent="Deck2" instance=ExtResource( 13 )]
transform = Transform( -0.237466, 0, 0.971396, 0, 1, 0, -0.971396, 0, -0.237466, 1.63434, -0.235989, 1.19834 )

[node name="NPCOuterHullWall12" parent="Deck2" instance=ExtResource( 13 )]
transform = Transform( -0.38922, 0, 0.921145, 0, 1, 0, -0.921145, 0, -0.38922, 2.52769, -0.235989, 0.86883 )

[node name="NPCOuterHullWall3m2" parent="Deck2" instance=ExtResource( 12 )]
transform = Transform( -4.37114e-08, 0, 1, 0, 1, 0, -1, 0, -4.37114e-08, -1.31531, 0.25, 1.48613 )

[node name="NPCOuterHullWall3m3" parent="Deck2" instance=ExtResource( 12 )]
transform = Transform( 0.167388, 0, 0.985891, 0, 1, 0, -0.985891, 0, 0.167388, -4.3132, 0.25, 1.24698 )

[node name="NPCOuterHullWall2" parent="Deck2" instance=ExtResource( 13 )]

[node name="NPCOuterHullWall13" parent="Deck2" instance=ExtResource( 13 )]
transform = Transform( 0.999757, 0, -0.0220418, 0, 1, 0, 0.0220418, 0, 0.999757, -6.44711, 0.25, 0.366041 )

[node name="NPCOuterHullWall14" parent="Deck2" instance=ExtResource( 13 )]
transform = Transform( -0.38922, 0, 0.921145, 0, 1, 0, -0.921145, 0, -0.38922, 3.39907, -0.235989, 0.495382 )

[node name="NPCOuterHullWall15" parent="Deck2" instance=ExtResource( 13 )]
transform = Transform( 0.999757, 0, -0.0220418, 0, 1, 0, 0.0220418, 0, 0.999757, -6.44711, -0.235989, 0.366041 )

[node name="NPCOuterHullWall3m6" parent="Deck2" instance=ExtResource( 12 )]
transform = Transform( -4.37114e-08, 0, 1, 0, 1, 0, -1, 0, -4.37114e-08, -1.31531, -0.235989, 1.48613 )

[node name="NPCOuterHullWall3m7" parent="Deck2" instance=ExtResource( 12 )]
transform = Transform( 0.167388, 0, 0.985891, 0, 1, 0, -0.985891, 0, 0.167388, -4.3132, -0.235989, 1.24698 )

[node name="NPCOuterHullWall16" parent="Deck2" instance=ExtResource( 13 )]
transform = Transform( 0.999757, 0, -0.0220418, 0, 1, 0, 0.0220418, 0, 0.999757, -6.41143, -0.235989, -0.350605 )

[node name="NPCOuterHullWall17" parent="Deck2" instance=ExtResource( 13 )]
transform = Transform( 0.307058, 0, 0.951691, 0, 1, 0, -0.951691, 0, 0.307058, -6.00414, -0.235989, 0.904606 )

[node name="NPCOuterHullWall18" parent="Deck2" instance=ExtResource( 13 )]
transform = Transform( -0.429975, 0, -0.902841, 0, 1, 0, 0.902841, 0, -0.429975, 3.37578, -0.235989, -0.0512115 )

[node name="NPCOuterHullWall19" parent="Deck2" instance=ExtResource( 13 )]
transform = Transform( -0.407167, 0, -0.913354, 0, 1, 0, 0.913354, 0, -0.407167, 2.49504, -0.235989, -0.472069 )

[node name="NPCOuterHullWall20" parent="Deck2" instance=ExtResource( 13 )]
transform = Transform( -0.419389, 0, -0.907807, 0, 1, 0, 0.907807, 0, -0.419389, 1.59173, -0.235989, -0.889722 )

[node name="NPCOuterHullWall21" parent="Deck2" instance=ExtResource( 13 )]
transform = Transform( -0.18462, 0, -0.98281, 0, 1, 0, 0.98281, 0, -0.18462, 0.680505, -0.235989, -1.18374 )

[node name="NPCOuterHullWall3m8" parent="Deck2" instance=ExtResource( 12 )]
transform = Transform( 1.31134e-07, 0, -1, 0, 1, 0, 1, 0, 1.31134e-07, -1.29972, -0.235989, -1.28786 )

[node name="NPCOuterHullWall3m9" parent="Deck2" instance=ExtResource( 12 )]
transform = Transform( 0.108173, 0, -0.994132, 0, 1, 0, 0.994132, 0, 0.108173, -4.19947, -0.235989, -1.11844 )

[node name="NPCOuterHullWall22" parent="Deck2" instance=ExtResource( 13 )]
transform = Transform( 0.239567, 0, -0.97088, 0, 1, 0, 0.97088, 0, 0.239567, -6.00526, -0.235989, -0.865725 )

[node name="CannonLarge" parent="Deck2" instance=ExtResource( 9 )]
transform = Transform( -4.37114e-08, 0, 1, 0, 1, 0, -1, 0, -4.37114e-08, -0.958654, 0.145059, -1.08726 )
fire_delay_sec = 0.2

[node name="CannonLarge3" parent="Deck2" instance=ExtResource( 9 )]
transform = Transform( -4.37114e-08, 0, 1, 0, 1, 0, -1, 0, -4.37114e-08, 0.833601, 0.145059, -0.92724 )
fire_delay_sec = 0.2

[node name="CannonLarge2" parent="Deck2" instance=ExtResource( 9 )]
transform = Transform( -4.37114e-08, 0, 1, 0, 1, 0, -1, 0, -4.37114e-08, -3.31431, 0.145059, -0.920043 )
fire_delay_sec = 0.2

[node name="CannonLarge4" parent="Deck2" instance=ExtResource( 9 )]
transform = Transform( -4.37114e-08, 0, 1, 0, 1, 0, -1, 0, -4.37114e-08, -4.80089, 0.145059, -0.764678 )
fire_delay_sec = 0.2

[node name="CannonLarge5" parent="Deck2" instance=ExtResource( 9 )]
transform = Transform( -4.37114e-08, 0, 1, 0, 1, 0, -1, 0, -4.37114e-08, 2.74893, 0.145059, -0.373661 )
fire_delay_sec = 0.2

[node name="CannonLarge6" parent="Deck2" instance=ExtResource( 9 )]
transform = Transform( -4.37114e-08, 0, 1, 0, 1, 0, -1, 0, -4.37114e-08, -1.75234, 0.145059, -1.04105 )
fire_delay_sec = 0.2

[node name="CannonLarge7" parent="Deck2" instance=ExtResource( 9 )]
transform = Transform( 7.54979e-08, 0, -1, 0, 1, 0, 1, 0, 7.54979e-08, -0.958654, 0.145059, 1.2823 )
fire_delay_sec = 0.2

[node name="CannonLarge8" parent="Deck2" instance=ExtResource( 9 )]
transform = Transform( 7.54979e-08, 0, -1, 0, 1, 0, 1, 0, 7.54979e-08, 0.833601, 0.145059, 1.24137 )
fire_delay_sec = 0.2

[node name="CannonLarge9" parent="Deck2" instance=ExtResource( 9 )]
transform = Transform( 7.54979e-08, 0, -1, 0, 1, 0, 1, 0, 7.54979e-08, -3.31431, 0.145059, 1.24857 )
fire_delay_sec = 0.2

[node name="CannonLarge10" parent="Deck2" instance=ExtResource( 9 )]
transform = Transform( 7.54979e-08, 0, -1, 0, 1, 0, 1, 0, 7.54979e-08, -4.80089, 0.145059, 1.05473 )
fire_delay_sec = 0.2

[node name="CannonLarge11" parent="Deck2" instance=ExtResource( 9 )]
transform = Transform( 7.54979e-08, 0, -1, 0, 1, 0, 1, 0, 7.54979e-08, 2.74893, 0.145059, 0.567941 )
fire_delay_sec = 0.2

[node name="CannonLarge12" parent="Deck2" instance=ExtResource( 9 )]
transform = Transform( 7.54979e-08, 0, -1, 0, 1, 0, 1, 0, 7.54979e-08, -1.75234, 0.145059, 1.33163 )
fire_delay_sec = 0.2
